car 0.9747725129127502 3182 2543 3669 3244
car 0.960595965385437 4210 1408 5298 2020
car 0.9559197425842285 3094 798 3275 975
car 0.9513291716575623 208 1482 926 1788
car 0.9505160450935364 2972 1005 3168 1165
car 0.9397324919700623 3177 743 3329 843
car 0.9361444115638733 3063 937 3216 1067
car 0.8816083073616028 5102 1290 5660 1490
car 0.8652954697608948 4625 330 4772 425
car 0.8106048107147217 4750 178 5050 372
car 0.557020902633667 340 614 410 652
car 0.4438038468360901 1477 49 1638 140
car 0.4081343710422516 1063 891 1116 946
car 0.32975009083747864 5006 1321 5198 1433
car 0.26027190685272217 3459 61 3618 141
