car 0.9747621417045593 3181 2543 3669 3245
car 0.9585957527160645 4460 1450 5626 2039
car 0.9573034048080444 3093 799 3276 976
car 0.9541919827461243 210 1482 927 1789
car 0.9508059024810791 2972 1005 3168 1165
car 0.9388302564620972 3177 743 3329 843
car 0.9381230473518372 3060 937 3216 1070
car 0.875721275806427 4691 186 5031 389
car 0.8588775396347046 4923 1275 5559 1462
car 0.7693452835083008 4630 330 4778 423
car 0.5293951034545898 1486 60 1643 143
car 0.4748646914958954 341 613 410 648
car 0.47077101469039917 4925 638 5027 713
car 0.42829298973083496 1063 890 1116 942
car 0.30276426672935486 4898 1309 5107 1429
car 0.3003444969654083 826 0 956 70
car 0.2912675142288208 3462 61 3617 141
car 0.2720786929130554 49 116 116 159
