car 0.9748241901397705 804 1501 1340 1662
car 0.9690684080123901 5075 1317 5558 1467
car 0.9641528725624084 732 1190 1052 1313
car 0.9466561079025269 459 1204 682 1312
car 0.9419704079627991 73 1104 352 1202
car 0.9373680353164673 2530 1059 2642 1171
car 0.933221697807312 4193 1245 4655 1443
car 0.9264819622039795 3128 1434 3610 1618
car 0.9130333065986633 3153 1272 3570 1435
car 0.9025125503540039 2588 978 2681 1062
car 0.883019208908081 357 1054 566 1149
car 0.5210801959037781 1766 650 1845 690
car 0.3381887674331665 4713 743 4858 952
car 0.3379978835582733 1316 2312 1396 2350
