car 0.9746065735816956 3182 2543 3669 3245
car 0.9563913941383362 3954 1408 5010 2003
car 0.955947995185852 3094 798 3275 975
car 0.95103919506073 208 1481 926 1788
car 0.950625479221344 2972 1005 3168 1165
car 0.9397713541984558 3177 743 3329 843
car 0.9364336133003235 3063 937 3216 1067
car 0.8875118494033813 5124 1295 5749 1497
car 0.8803154230117798 4625 331 4769 424
car 0.7992160320281982 4729 184 5067 382
car 0.5481248497962952 340 615 410 651
car 0.4399167001247406 1063 891 1116 946
car 0.3708389103412628 1483 47 1625 135
car 0.27300816774368286 821 2 957 73
car 0.26341110467910767 1045 824 1111 870
