car 0.9740085005760193 803 1501 1341 1662
car 0.9643017053604126 732 1190 1051 1314
car 0.9636939167976379 5260 1315 5741 1466
car 0.947762668132782 459 1202 681 1312
car 0.9400378465652466 2530 1060 2643 1170
car 0.914850652217865 3371 1288 3818 1464
car 0.9077617526054382 4381 1260 4874 1443
car 0.9077519774436951 2589 978 2681 1062
car 0.9014284014701843 3408 1414 3903 1579
car 0.655045211315155 354 1055 571 1150
car 0.6051949858665466 64 1103 356 1203
car 0.5357445478439331 1765 651 1845 689
car 0.386959046125412 4713 742 4858 960
