car 0.9720116257667542 803 1500 1339 1662
car 0.9625145196914673 731 1190 1050 1314
car 0.9538533687591553 5354 1316 5760 1461
car 0.9481155872344971 458 1203 682 1313
car 0.9454820156097412 4136 1395 4644 1563
car 0.9377323389053345 4607 1255 5103 1451
car 0.9376248121261597 2530 1060 2642 1171
car 0.9310826659202576 3921 1295 4377 1456
car 0.9015364646911621 2589 979 2681 1062
car 0.4978896379470825 1766 651 1843 689
car 0.30720826983451843 1312 2316 1390 2350
car 0.28549984097480774 4713 744 4858 949
car 0.28082433342933655 351 1054 569 1151
