car 0.9753900170326233 803 1501 1341 1662
car 0.9644085764884949 732 1190 1052 1313
car 0.9643291234970093 5021 1316 5497 1467
car 0.9465271234512329 459 1204 682 1312
car 0.9450905919075012 73 1105 353 1202
car 0.9349549412727356 2529 1059 2642 1171
car 0.9347777366638184 4123 1250 4581 1443
car 0.9321114420890808 3068 1440 3538 1637
car 0.9105885028839111 3106 1266 3499 1428
car 0.9000516533851624 2588 978 2681 1062
car 0.8894491791725159 357 1054 565 1148
car 0.5214623808860779 1766 650 1845 690
car 0.33384862542152405 1317 2311 1397 2351
car 0.326696515083313 4714 745 4857 950
