car 0.9727810621261597 803 1500 1336 1661
car 0.9622337818145752 731 1190 1050 1314
car 0.950655996799469 5355 1317 5759 1460
car 0.9490951299667358 4586 1253 5079 1451
car 0.9459919333457947 458 1203 681 1313
car 0.9401410818099976 2530 1059 2642 1171
car 0.9336182475090027 3886 1390 4399 1560
car 0.910925030708313 3746 1296 4217 1462
car 0.9069390892982483 2587 979 2680 1062
car 0.5222966074943542 1769 652 1845 689
car 0.4933200478553772 352 1055 573 1152
car 0.4387165307998657 64 1102 355 1203
car 0.2858332097530365 4712 740 4859 960
