car 0.9712358117103577 4240 753 4811 1022
car 0.9572775959968567 766 2437 1495 3240
car 0.9496051073074341 5135 789 5747 993
car 0.9458587765693665 862 776 1399 979
car 0.9306973218917847 2331 245 2466 400
car 0.9263703227043152 1270 1408 1610 1916
car 0.9136712551116943 876 966 1404 1159
car 0.911832332611084 2411 151 2550 266
car 0.6312851309776306 2718 0 2848 151
car 0.3545571267604828 1440 384 1515 428
car 0.3156585991382599 5368 185 5478 267
car 0.29454243183135986 5545 2049 5624 2090
car 0.27943283319473267 1251 1284 1417 1476
