car 0.9752647280693054 803 1501 1339 1662
car 0.9640573263168335 731 1191 1052 1313
car 0.9619534015655518 1878 2088 2458 2738
car 0.9455249309539795 459 1205 681 1312
car 0.9444207549095154 3653 1317 4090 1474
car 0.9430898427963257 73 1106 353 1202
car 0.9328418970108032 2529 1060 2642 1170
car 0.929473340511322 2718 1220 3116 1392
car 0.8966634273529053 2588 979 2682 1062
car 0.8906363248825073 359 1053 565 1148
car 0.8400018811225891 2914 1096 3029 1207
car 0.5574210286140442 1766 652 1847 691
car 0.4530433416366577 4712 740 4860 964
car 0.296311616897583 5661 362 5739 432
