car 0.9538178443908691 2186 1339 2656 1758
car 0.9526931643486023 217 1480 920 1787
car 0.9145676493644714 3147 544 3461 893
car 0.8941382765769958 3022 941 3195 1080
car 0.8910239934921265 3392 963 3559 1125
car 0.812177836894989 4120 461 4273 550
car 0.48034316301345825 3875 572 4011 644
car 0.437135249376297 1459 51 1627 152
car 0.4001409113407135 340 611 408 645
car 0.38192903995513916 1064 889 1115 944
car 0.3663243055343628 259 679 329 724
car 0.34058958292007446 3249 513 3447 605
car 0.250480979681015 50 115 118 159
