car 0.9747586250305176 808 1501 1341 1661
car 0.9679016470909119 1536 2401 2332 3236
car 0.9636707305908203 732 1190 1052 1313
car 0.9444558620452881 459 1205 682 1311
car 0.9410964250564575 73 1105 352 1202
car 0.9380096793174744 2531 1208 2927 1381
car 0.9342624545097351 3499 1319 3925 1473
car 0.9073920845985413 2530 1058 2644 1168
car 0.8892661333084106 359 1053 566 1148
car 0.8846926689147949 2587 978 2682 1061
car 0.8769708871841431 2913 1071 3019 1177
car 0.5517246723175049 1768 653 1847 691
car 0.4572977125644684 4712 740 4860 963
car 0.2565145194530487 5664 362 5740 432
