car 0.975098192691803 804 1500 1339 1661
car 0.9636176824569702 732 1191 1052 1313
car 0.9608043432235718 4633 1315 5086 1469
car 0.9481749534606934 75 1105 352 1201
car 0.9449617266654968 459 1205 682 1312
car 0.9373780488967896 3724 1238 4150 1424
car 0.9334008693695068 2529 1059 2643 1170
car 0.9213983416557312 2802 1517 3237 1780
car 0.9016281366348267 2588 979 2682 1062
car 0.8910292983055115 2989 1225 3217 1361
car 0.889285147190094 359 1054 566 1148
car 0.5589579343795776 1761 651 1845 691
car 0.4026520848274231 4714 742 4859 961
