car 0.9752436876296997 804 1500 1339 1662
car 0.9698050618171692 1728 2227 2394 3012
car 0.9647543430328369 731 1190 1052 1313
car 0.9456654787063599 459 1205 681 1311
car 0.9433143734931946 73 1106 353 1202
car 0.9377675652503967 3576 1319 4014 1475
car 0.9194175004959106 2618 1216 3015 1386
car 0.9179258942604065 2530 1060 2641 1169
car 0.8926565051078796 359 1053 565 1148
car 0.8847450017929077 2588 979 2681 1062
car 0.8617807030677795 2916 1086 3021 1192
car 0.5463948845863342 1768 653 1846 691
car 0.4723207354545593 4712 740 4859 963
car 0.2547498047351837 5663 362 5740 432
