car 0.9747440218925476 3182 2544 3669 3245
car 0.9610196352005005 3452 1373 4473 1966
car 0.9557878375053406 3094 798 3275 975
car 0.9513260126113892 208 1481 927 1788
car 0.9499495029449463 2972 1005 3168 1165
car 0.93971186876297 3177 743 3329 843
car 0.9358681440353394 3063 937 3216 1067
car 0.8975715637207031 5306 1319 5761 1510
car 0.8899619579315186 4627 332 4771 425
car 0.812795877456665 4770 182 5075 376
car 0.48551058769226074 341 615 407 650
car 0.44842031598091125 1064 891 1117 945
car 0.382409930229187 1477 55 1627 139
car 0.28869548439979553 822 2 957 72
car 0.25895363092422485 1048 824 1113 869
