car 0.9756923913955688 804 1500 1339 1661
car 0.9645816087722778 732 1191 1052 1313
car 0.9473977088928223 4728 1317 5200 1465
car 0.9462715983390808 459 1205 682 1312
car 0.9460225701332092 74 1105 352 1202
car 0.9346895217895508 2863 1493 3300 1748
car 0.9337657690048218 2529 1059 2643 1170
car 0.9159346222877502 3806 1235 4233 1421
car 0.9150780439376831 3008 1237 3259 1377
car 0.9003100991249084 2588 979 2682 1062
car 0.8863557577133179 358 1054 566 1149
car 0.5570861101150513 1761 651 1845 691
car 0.40388354659080505 4714 742 4859 958
