car 0.9719721078872681 4187 1174 4738 1389
car 0.9695464372634888 4949 1168 5613 1409
car 0.9655337333679199 285 1043 675 1212
car 0.9614953994750977 4022 1061 4525 1263
car 0.9486213326454163 261 1617 1138 1905
car 0.9387099146842957 544 1362 1153 1554
car 0.9386014342308044 1736 1226 2214 1372
car 0.9312828183174133 1971 1556 2312 1940
car 0.9279736876487732 2532 771 2622 868
car 0.8904697299003601 2967 955 3100 1075
car 0.8333353400230408 2727 750 2823 842
car 0.5322086811065674 4334 387 4540 505
