car 0.9753269553184509 3181 2544 3669 3245
car 0.9709760546684265 2 1216 613 1744
car 0.9536876678466797 3092 800 3274 977
car 0.9510894417762756 2971 1005 3167 1165
car 0.9467208385467529 2357 1678 3025 2091
car 0.9419008493423462 3658 1442 4340 1766
car 0.9400699734687805 3176 744 3327 844
car 0.9351215362548828 3061 938 3215 1067
car 0.9205617308616638 4596 338 4748 429
car 0.7089895606040955 4775 322 4893 392
car 0.5065037608146667 1474 48 1634 139
car 0.4993230700492859 5390 1164 5475 1277
car 0.3551012873649597 1062 888 1118 947
car 0.33838582038879395 4929 635 5025 703
car 0.30058637261390686 1050 825 1116 870
car 0.26844602823257446 488 218 609 277
