car 0.9752431511878967 3180 2543 3669 3245
car 0.9691840410232544 2 1215 611 1744
car 0.9536694884300232 3093 800 3274 977
car 0.9509317278862 2971 1004 3168 1165
car 0.9389768838882446 3176 744 3328 843
car 0.9356788396835327 3061 938 3215 1067
car 0.9326959848403931 2811 1532 3477 1832
car 0.9319134950637817 4345 1434 5085 1745
car 0.9214462637901306 4596 338 4748 429
car 0.7074652314186096 4774 323 4899 392
car 0.36855557560920715 1062 889 1118 947
car 0.35037609934806824 3 881 404 1082
car 0.34748831391334534 5307 1134 5383 1211
car 0.34515413641929626 1488 57 1620 140
car 0.3441586494445801 341 610 407 647
car 0.33425837755203247 4927 634 5025 703
car 0.3000604510307312 494 223 626 285
car 0.2531386911869049 1053 823 1123 870
