car 0.9721290469169617 4187 1174 4738 1389
car 0.969602644443512 4949 1168 5613 1409
car 0.9669849276542664 286 1044 675 1213
car 0.9615612030029297 4022 1061 4525 1263
car 0.9464547634124756 275 1614 1148 1907
car 0.9417189955711365 338 1360 973 1548
car 0.9293028712272644 2532 771 2622 868
car 0.9211775064468384 1635 1232 2133 1377
car 0.9082745313644409 1962 1500 2311 1853
car 0.8991143703460693 2948 967 3094 1093
car 0.8430688977241516 2731 746 2830 835
car 0.5366849899291992 4334 388 4536 506
