car 0.9696688652038574 803 1500 1340 1662
car 0.964314877986908 731 1190 1051 1314
car 0.9524915814399719 5352 1317 5762 1462
car 0.949783980846405 458 1202 680 1313
car 0.9437114596366882 4137 1395 4643 1564
car 0.9398679137229919 4606 1253 5104 1451
car 0.9381319880485535 2529 1060 2642 1171
car 0.9282724857330322 3922 1295 4378 1456
car 0.9010919332504272 2588 979 2681 1061
car 0.5068555474281311 1768 652 1845 689
car 0.5041976571083069 1308 2312 1390 2348
car 0.3332240581512451 351 1055 570 1152
car 0.29090356826782227 65 1103 356 1203
car 0.27291256189346313 4714 742 4857 950
