car 0.9707563519477844 3183 2336 3649 3164
car 0.9524155855178833 214 1481 926 1787
car 0.9431979656219482 3038 889 3224 1076
car 0.9410284757614136 3357 1453 3920 1695
car 0.9346169233322144 3105 819 3262 929
car 0.9203044772148132 3287 450 3652 769
car 0.9091518521308899 3466 786 3627 915
car 0.4583898186683655 1064 894 1116 945
car 0.3953510820865631 1464 42 1618 139
car 0.3274523615837097 2997 553 3072 607
car 0.322584867477417 263 682 322 723
car 0.3075723648071289 4479 261 4609 330
car 0.2903827428817749 1052 829 1114 872
