car 0.9735420942306519 804 1499 1340 1662
car 0.9617760181427002 731 1190 1052 1314
car 0.9545973539352417 5355 1316 5760 1460
car 0.9456601738929749 4137 1395 4644 1563
car 0.945428729057312 458 1202 682 1312
car 0.9422942399978638 4607 1253 5103 1452
car 0.9354807138442993 2530 1060 2642 1170
car 0.929983377456665 3921 1294 4378 1455
car 0.8985080122947693 2588 979 2681 1062
car 0.46512821316719055 1768 650 1845 688
car 0.29277151823043823 2092 699 2163 733
car 0.26220616698265076 1306 2314 1387 2351
