car 0.9698382019996643 803 1500 1339 1662
car 0.9639523029327393 731 1190 1051 1314
car 0.9526060223579407 5352 1316 5762 1463
car 0.949752151966095 458 1202 680 1313
car 0.943755030632019 4137 1395 4643 1564
car 0.9401851892471313 4606 1253 5104 1451
car 0.9377591013908386 2529 1060 2642 1171
car 0.9281066656112671 3922 1295 4377 1456
car 0.9003835320472717 2588 979 2681 1062
car 0.5142194628715515 1768 652 1845 689
car 0.46568384766578674 1308 2314 1388 2348
car 0.3417906165122986 351 1055 570 1152
car 0.29612088203430176 65 1103 356 1203
car 0.2863018214702606 4714 742 4857 949
