car 0.9751996994018555 804 1500 1340 1661
car 0.9639526605606079 731 1191 1052 1314
car 0.9626794457435608 4964 1319 5439 1467
car 0.9462420344352722 459 1204 682 1312
car 0.944890558719635 74 1106 352 1201
car 0.940829336643219 3010 1447 3471 1664
car 0.9337572455406189 2529 1059 2643 1170
car 0.9204603433609009 4048 1244 4501 1437
car 0.896337628364563 2588 979 2681 1062
car 0.8908782601356506 3070 1259 3435 1418
car 0.8820652365684509 357 1055 566 1149
car 0.5699206590652466 1762 651 1845 691
car 0.3828944265842438 4714 743 4859 955
car 0.2837302088737488 1314 2313 1395 2353
car 0.28142669796943665 4451 604 4535 650
