car 0.9519666433334351 217 1481 920 1787
car 0.9493392705917358 2306 1276 2746 1648
car 0.9066846370697021 3161 536 3467 883
car 0.8987436890602112 3387 993 3560 1161
car 0.8982163071632385 3028 940 3199 1074
car 0.7610126733779907 4081 478 4232 564
car 0.4702841341495514 1456 49 1635 155
car 0.4643160104751587 3875 572 4016 644
car 0.4391908347606659 3475 1213 3628 1358
car 0.42609840631484985 340 610 407 646
car 0.3885270357131958 1064 890 1115 944
car 0.3067323565483093 3222 515 3453 625
car 0.27475228905677795 3462 60 3618 143
car 0.2711986005306244 260 679 326 724
car 0.25202110409736633 51 114 118 158
