car 0.9761508703231812 1462 1324 1965 1555
car 0.9756861925125122 1427 1559 1961 1769
car 0.9726772308349609 665 1158 1090 1302
car 0.9659796953201294 256 1159 648 1338
car 0.9612457156181335 53 1560 701 1785
car 0.9561548829078674 3322 2519 3743 3234
car 0.9552649259567261 743 1510 1335 1719
car 0.9481775760650635 2651 634 2751 739
car 0.9290161728858948 3568 1677 3858 2035
car 0.9080211520195007 2857 724 2974 840
car 0.9033117294311523 5366 1137 5759 1300
car 0.45335903763771057 1718 0 1816 97
