car 0.9705026745796204 803 1500 1340 1662
car 0.9623816013336182 731 1190 1051 1314
car 0.9536997079849243 5353 1316 5760 1461
car 0.9480128288269043 458 1202 682 1313
car 0.9451340436935425 4136 1395 4644 1563
car 0.9384523034095764 2529 1060 2642 1171
car 0.9382262229919434 4607 1255 5103 1451
car 0.9313114881515503 3921 1296 4378 1456
car 0.9031213521957397 2589 979 2682 1062
car 0.49289804697036743 1766 651 1843 689
car 0.34615010023117065 1312 2315 1391 2350
car 0.28887203335762024 4713 744 4857 947
car 0.27684617042541504 352 1054 569 1151
