car 0.9742283225059509 3181 2544 3669 3245
car 0.9484562277793884 209 1483 927 1787
car 0.9430215358734131 3081 814 3269 999
car 0.9365834593772888 2840 1143 3070 1347
car 0.9250016212463379 3173 744 3329 846
car 0.9248722791671753 3002 985 3183 1147
car 0.9137014150619507 4057 275 4412 504
car 0.9010286927223206 3465 944 3693 1092
car 0.6434658765792847 4831 297 4990 384
car 0.4409518241882324 1475 41 1619 131
car 0.3993507921695709 1064 888 1122 945
car 0.30466142296791077 1045 822 1114 868
car 0.286375492811203 3458 45 3629 139
