car 0.9701555371284485 773 1107 1349 1366
car 0.9674601554870605 377 994 790 1118
car 0.9672053456306458 85 1142 635 1313
car 0.9643080830574036 0 984 383 1121
car 0.9637054800987244 1045 1020 1556 1218
car 0.9603483080863953 1500 1829 2493 3059
car 0.9571125507354736 4542 1035 5050 1168
car 0.9564231038093567 4009 1016 4453 1161
car 0.954443097114563 442 1096 804 1237
car 0.9450531005859375 2590 775 2688 871
car 0.3943127691745758 5257 48 5463 227
car 0.2945844531059265 1347 2756 1791 3240
car 0.2758612036705017 4338 430 4608 559
