car 0.9755054712295532 804 1500 1339 1662
car 0.9649198651313782 732 1191 1052 1313
car 0.952176034450531 4896 1319 5373 1466
car 0.9486499428749084 75 1105 352 1202
car 0.9470780491828918 459 1205 682 1312
car 0.9334832429885864 2529 1059 2643 1170
car 0.9311490654945374 2962 1461 3413 1691
car 0.923643171787262 3966 1239 4414 1434
car 0.8968600630760193 2588 979 2681 1062
car 0.8893507122993469 358 1055 565 1148
car 0.8867858648300171 3047 1249 3368 1405
car 0.5638484358787537 1762 651 1845 691
car 0.3840314447879791 4713 742 4860 957
