car 0.9627541303634644 1015 1497 1552 1661
car 0.9619829058647156 733 1191 1051 1312
car 0.9436395764350891 460 1205 683 1312
car 0.9433037042617798 72 1106 353 1202
car 0.9369873404502869 3145 1308 3564 1455
car 0.928071141242981 2530 1060 2644 1170
car 0.9158831238746643 2073 1185 2435 1353
car 0.903232216835022 2588 979 2680 1061
car 0.8967861533164978 2864 2879 3596 3244
car 0.8912859559059143 358 1055 565 1147
car 0.8633449673652649 2899 1001 2999 1099
car 0.5386450290679932 1764 652 1848 691
car 0.36216214299201965 4710 738 4859 966
