car 0.973645806312561 804 1499 1340 1662
car 0.9620335102081299 731 1190 1051 1314
car 0.9566850066184998 5356 1316 5760 1461
car 0.9465200304985046 4137 1396 4644 1563
car 0.9464106559753418 458 1202 682 1312
car 0.9433918595314026 4607 1253 5103 1451
car 0.9344169497489929 2530 1060 2642 1170
car 0.9294658899307251 3921 1294 4378 1455
car 0.8981001377105713 2588 979 2681 1063
car 0.4842067062854767 1768 650 1844 688
car 0.36102423071861267 1309 2314 1388 2351
car 0.25974565744400024 2094 701 2162 733
