car 0.9750046730041504 3181 2543 3669 3245
car 0.9684823155403137 2 1214 611 1744
car 0.9538943767547607 3092 800 3274 977
car 0.9504720568656921 2971 1004 3168 1165
car 0.942269504070282 2919 1501 3597 1797
car 0.9395014643669128 3177 744 3328 844
car 0.9361756443977356 3061 938 3215 1067
car 0.9295312166213989 4519 1433 5274 1751
car 0.9199920892715454 4595 338 4748 430
car 0.6895941495895386 4772 325 4892 395
car 0.40746748447418213 340 611 408 649
car 0.38547563552856445 4926 633 5024 703
car 0.37690243124961853 1480 53 1621 142
car 0.35567203164100647 1062 889 1117 947
car 0.2949412167072296 492 220 625 283
car 0.25156983733177185 2 889 408 1083
