car 0.970271646976471 774 1106 1349 1366
car 0.9689633846282959 376 995 791 1118
car 0.9650334715843201 85 1142 635 1313
car 0.9644864797592163 0 984 382 1121
car 0.9632623195648193 1047 1020 1557 1219
car 0.9582931995391846 4542 1034 5051 1168
car 0.9575718641281128 4008 1015 4452 1160
car 0.9562000036239624 445 1094 808 1237
car 0.9495161175727844 2591 773 2688 871
car 0.948576807975769 1007 2373 2268 3250
car 0.4073503017425537 4337 427 4609 560
car 0.25471776723861694 5259 51 5462 224
car 0.2537779211997986 397 1030 805 1161
